100	50	104	430	0.47012758255004883	158	0
100	50	54	228	0.35595250129699707	171	0
100	50	102	436	0.4664731025695801	162	0
100	50	108	444	0.6285827159881592	326	0
100	50	108	452	0.5649504661560059	185	0
100	50	107	480	0.8351054191589355	557	0
100	50	93	400	1.8883235454559326	1112	0
100	50	78	328	2.3670129776000977	1781	0
100	50	113	464	0.32346534729003906	166	0
100	50	100	426	1.5160534381866455	982	0
500	50	267	1142	6.524479627609253	2170	0
500	50	423	1770	2.9259674549102783	1014	0
500	50	290	1216	3.9250006675720215	17	0
500	50	389	1662	3.5335335731506348	330	0
500	50	474	2020	2.0324723720550537	123	0
500	50	292	1224	9.722492694854736	3322	0
500	50	743	3178	7.342150688171387	1141	0
500	50	421	1786	6.411734342575073	2002	0
500	50	380	1686	1.745823860168457	248	0
500	50	340	1426	2.9457926750183105	1172	0
1000	50	926	3892	5.21587347984314	897	0
1000	50	769	3202	31.072490692138672	11190	0
1000	50	976	4240	24.84626579284668	6574	0
1000	50	559	2388	4.897077560424805	1521	0
1000	50	818	3494	11.540710926055908	3091	0
1000	50	580	2446	3.5227348804473877	671	0
1000	50	584	2544	14.067307472229004	5198	0
1000	50	964	4052	5.836310386657715	2130	0
1000	50	534	2252	14.329225540161133	4472	0
1000	50	756	3214	11.43580150604248	4882	0
1500	50	1453	6252	26.088433027267456	4112	0
1500	50	1578	6694	40.672812700271606	1093	0
1500	50	1853	7834	16.59760546684265	54	0
1500	50	1287	5516	32.81206274032593	2541	0
1500	50	1036	4462	10.460674285888672	239	0
1500	50	1259	5368	7.950249433517456	253	0
1500	50	962	4102	15.588199377059937	1258	0
1500	50	948	4070	15.715915203094482	1226	0
1500	50	1209	5074	20.064631700515747	960	0
1500	50	1901	8018	26.875364542007446	348	0
2000	50	1586	6670	15.705056428909302	500	0
2000	50	1106	4712	25.227324724197388	3244	0
2000	50	1885	8042	29.2543523311615	118	0
2000	50	1909	8198	33.943159341812134	1234	0
2000	50	1239	5208	41.997605085372925	8212	0
2000	50	1385	5918	35.39302110671997	568	0
2000	50	1656	7000	36.593791007995605	2605	0
2000	50	1022	4306	71.21158599853516	5534	0
2000	50	1066	4482	10.067448616027832	523	0
2000	50	1535	6568	12.437530279159546	2981	0
3000	50	1730	7398	27.763980627059937	4252	0
3000	50	1890	8060	28.007391452789307	1032	0
3000	50	3566	15300	50.26798987388611	1301	0
3000	50	1685	7144	45.39921808242798	2323	0
3000	50	3166	13396	28.08882188796997	2156	0
3000	50	1771	7572	40.95279788970947	2243	0
3000	50	1885	7996	23.120439291000366	848	0
3000	50	1881	7880	51.06390738487244	2221	0
3000	50	3059	13062	82.80504393577576	7007	0
3000	50	1904	8226	53.49036431312561	6722	0
4000	50	2673	11380	91.57789349555969	6749	0
4000	50	2024	8590	14.229743003845215	1139	0
4000	50	3423	14648	37.72837805747986	671	0
4000	50	5819	24700	78.63279342651367	1130	0
4000	50	3263	13898	88.61772990226746	10256	0
4000	50	2062	8714	63.52577257156372	2752	0
4000	50	3692	15798	79.9286253452301	3443	0
4000	50	2805	11948	56.31904435157776	634	0
4000	50	5843	24922	122.46277642250061	6963	0
4000	50	2188	9294	30.664382219314575	673	0
5000	50	4543	19604	24.053167581558228	155	0
5000	50	2552	10884	55.358609676361084	4038	0
5000	50	2590	11040	104.45294427871704	9000	0
5000	50	2704	11486	50.82430028915405	6531	0
5000	50	3066	13144	37.655259132385254	1060	0
5000	50	3500	14900	89.90004515647888	7940	0
5000	50	6226	26560	87.2234787940979	2075	0
5000	50	5496	23274	79.26066160202026	1018	0
5000	50	3050	13064	60.24775314331055	1804	0
5000	50	3739	15936	71.23895382881165	232	0
7500	50	8284	35232	124.8880262374878	4757	0
7500	50	4622	19944	217.25561833381653	11103	0
7500	50	4995	21356	151.3136236667633	19481	0
7500	50	3929	16690	124.85313940048218	7469	0
7500	50	8244	35290	171.4911766052246	5067	0
7500	50	6211	26428	89.34706163406372	3076	0
7500	50	4051	17270	183.45132184028625	10207	0
7500	50	3928	16824	56.396870613098145	1643	0
7500	50	9113	38748	200.7021975517273	12218	0
7500	50	6833	29028	80.83546304702759	885	0
10000	50	5694	24146	107.21186637878418	4923	0
10000	50	6417	27462	158.03637552261353	10775	0
10000	50	8635	36788	196.1732828617096	7426	0
10000	50	5883	25176	158.70815348625183	11090	0
10000	50	5140	22108	86.88388514518738	1377	0
10000	50	9636	40992	115.94518804550171	212	0
10000	50	5668	23978	74.37999510765076	1093	0
10000	50	12185	51888	202.30877900123596	2685	0
10000	50	6422	27566	123.28155612945557	9784	0
10000	50	5858	24962	89.40953755378723	4718	0
15000	50	7986	33998	283.45885252952576	3313	0
15000	50	8614	36796	232.96463346481323	741	0
15000	50	9941	42274	298.35399436950684	3619	0
15000	50	9087	38820	420.778715133667	4343	0
15000	50	11103	47350	314.03561449050903	3213	0
15000	50	8205	34864	470.9667236804962	79	0
15000	50	11642	49634	417.1907639503479	3190	0
15000	50	15193	64962	718.9222779273987	11790	0
15000	50	8290	35532	148.6088728904724	1293	0
15000	50	8172	35016	566.1890032291412	13024	0
20000	50	10235	43480	521.6407225131989	9712	0
20000	50	17780	75570	650.5280895233154	2124	0
20000	50	12823	54770	1250.6943943500519	45829	0
20000	50	12707	54328	1050.3278925418854	26323	0
20000	50	10312	43932	376.2409472465515	3126	0
20000	50	16560	70654	785.1560604572296	5912	0
20000	50	18117	76980	1658.9941749572754	41649	0
20000	50	14071	59828	783.2997422218323	28462	0
20000	50	10764	45950	583.847913980484	11126	0
20000	50	14657	62568	555.4092092514038	4722	0
30000	50	22555	96050	815.167242527008	5393	0
30000	50	15095	64634	485.615656375885	2927	0
30000	50	15619	66524	481.39233326911926	1957	0
30000	50	16666	71138	570.4613144397736	4393	0
30000	50	17360	74206	408.3923690319061	3654	0
30000	50	18156	77216	761.3489968776703	13876	0
30000	50	21272	90450	1337.909461259842	24578	0
30000	50	16738	71124	956.712263584137	14274	0
30000	50	18079	76962	553.7146167755127	6623	0
30000	50	15651	66788	515.8571319580078	6390	0