144 10
1670 10
272 10
46 10
1477 10
1238 10
418 5
811 5
220 5
232 5
1400 5
2 5
140 5
78 5
282 5
269 5
187 5
504 5
16 5
143 5
224 5
120 5
469 5
104 5
730 5
93 5
340 5
1026 5
40 5
9 5
275 5
409 5
127 5
104 5
226 5
93 5
51 5
128 5
41 5
370 5
751 5
46 5
990 5
313 5
48 5
133 5
1 5
85 5
17 5
215 5
107 5
227 5
500 5
275 5
243 5
15 5
79 5
592 5
490 5
371 5
113 5
276 5
205 5
311 5
45 5
603 5
447 5
895 5
13 5
765 5
43 5
99 5
63 5
535 5
95 5
137 5
160 5
370 5
533 5
128 5
492 5
436 5
486 5
79 5
652 5
85 5
267 5
93 5
19 5
282 5
31 5
279 5
565 5
86 5
306 5
78 5
19 5
679 5
364 5
31 5
867 5
311 5
199 5
124 5
540 5
268 5
304 5
376 5
289 5
236 5
462 5
383 5
36 5
245 5
197 5
545 5
88 5
150 5
17 5
11 5
419 5
69 5
129 5
733 5
342 5
592 5
849 5
315 5
189 5
382 5
427 5
756 5
185 5
654 5
215 5
7 5
325 5
189 5
351 5
23 5
69 5
1298 5
125 5
244 5
362 5
37 5
118 5
169 5
108 5
46 5
125 5
24 5
178 5
223 5
255 5
91 5
445 5
227 5
918 5
493 5
407 5
197 5
1033 5
85 5
176 5
1112 5
153 5
106 5
24 5
930 5
425 5
72 5
2 5
193 5
36 5
147 5
15 5
264 5
134 5
150 5
32 5
211 5
409 5
553 5
376 5
481 5
54 5
351 5
515 5
322 5
698 5
364 5
709 5
54 5
188 5
81 5
177 5
291 5
201 5
583 5
99 5
265 5
397 5
356 5
47 5
603 5
958 5
381 5
595 5
207 5
292 5
122 5
581 5
90 5
102 5
300 5
900 5
35 5
263 5
34 5
329 5
363 5
519 5
117 5
969 5
71 5
84 5
335 5
288 5
599 5
195 5
38 5
479 5
386 5
112 5
112 5
34 5
449 5
70 5
56 5
17 5
141 5
59 5
95 5
647 5
146 5
116 5
460 5
490 5
219 5
86 5
246 5
511 5
901 5
37 5
489 5
383 5
138 5
102 5
1669 5
109 5
59 5
561 5
506 5
442 5
313 5
195 5
579 5
148 5
563 5
1172 5
93 5
192 5
313 5
203 5
435 5
42 5
171 5
414 5
43 5
1259 5
161 5
82 5
1481 5
84 5
293 5
355 5
321 5
161 5
534 5
107 5
248 5
97 5
302 5
646 5
160 5
595 5
116 5
100 5
817 5
537 5
857 5
255 5
369 5
137 5
68 5
514 5
15 5
397 5
176 5
389 5
444 5
27 5
75 5
269 5
4 5
185 5
280 5
9 5
147 5
602 5
748 5
285 5
649 5
53 5
776 5
412 5
349 5
38 5
823 5
176 5
94 5
552 5
79 5
14 5
66 5
520 5
37 5
331 5
133 5
307 5
603 5
14 5
327 5
1388 5
232 5
37 5
339 5
597 5
11 5
26 5
73 5
330 5
86 5
426 5
19 5
381 5
1195 5
687 5
164 5
610 5
19 5
271 5
386 5
95 5
34 5
425 5
136 5
259 5
157 5
481 5
91 5
19 5
1357 5
140 5
1872 5
643 5
51 5
37 5
237 5
105 5
127 5
426 5
52 5
262 5
1 5
8 5
750 5
382 5
204 5
251 5
868 5
151 5
80 5
218 5
773 5
161 5
312 5
610 5
1072 5
203 5
190 5
172 5
272 5
37 5
316 5
284 5
820 5
177 5
41 5
529 5
474 5
330 5
3 5
375 5
620 5
278 5
334 5
281 5
68 5
62 5
298 5
11 5
125 5
32 5
265 5
194 5
415 5
224 5
184 5
19 5
13 5
430 5
395 5
181 5
49 5
525 5
289 5
852 5
43 5
84 5
53 5
17 5
55 5
83 5
41 5
194 5
1032 5
682 5
297 5
675 5
841 5
11 5
813 5
257 5
158 5
676 5
56 5
587 5
270 5
543 5
787 5
166 5
153 5
739 5
308 5
280 5
5 5
23 5
63 5
153 5
316 5
91 5
239 5
535 5
617 5
462 5
625 5
986 5
49 5
13 5
13 5
217 5
487 5
26 5
420 5
46 5
610 5
153 5
231 5
138 5
106 5
33 5
507 5
109 5
255 5
667 5
4 5
46 5
165 5
227 5
99 5
64 5
288 5
300 5
142 5
199 5
168 5
29 5
382 5
1651 5
761 5
50 5
194 5
605 5
662 5
452 5
165 5
249 5
126 5
19 5
796 5
652 5
700 5
100 5
116 5
420 5
1082 5
140 5
120 5
8 5
213 5
54 5
638 5
364 5
295 5
1281 5
494 5
122 5
798 5
54 5
553 5
173 5
355 5
108 5
156 5
111 5
404 5
224 5
33 5
50 5
1097 5
400 5
833 5
429 5
153 5
926 5
29 5
98 5
13 5
300 5
752 5
74 5
49 5
26 5
182 5
212 5
549 5
2 5
40 5
644 5
645 5
693 5
280 5
73 5
231 5
250 5
290 5
220 5
162 5
91 5
487 5
812 5
70 5
558 5
462 5
143 5
241 5
707 5
15 5
640 5
53 5
629 5
700 5
380 5
292 5
20 5
76 5
16 5
259 5
116 5
460 5
1136 5
53 5
165 5
150 5
667 5
171 5
18 5
202 5
169 5
71 5
868 5
630 5
314 5
72 5
333 5
25 5
498 5
80 5
43 5
416 5
364 5
585 5
1254 5
247 5
35 5
242 5
210 5
89 5
205 5
31 5
53 5
115 5
58 5
28 5
271 5
208 5
84 5
274 5
45 5
271 5
123 5
512 5
151 5
126 5
140 5
43 5
27 5
447 5
112 5
465 5
82 5
238 5
285 5
120 5
261 5
382 5
344 5
106 5
527 5
218 5
936 5
146 5
137 5
381 5
236 5
738 5
296 5
271 5
49 5
673 5
456 5
671 5
441 5
909 5
245 5
883 5
260 5
710 5
44 5
259 5
36 5
236 5
62 5
147 5
1408 5
151 5
1103 5
95 5
185 5
53 5
28 5
30 5
1110 5
1183 5
589 5
180 5
41 5
295 5
483 5
213 5
132 5
156 5
209 5
165 5
399 5
97 5
86 5
308 5
1126 5
322 5
218 5
311 5
35 5
85 5
144 5
845 5
212 5
195 5
520 5
198 5
620 5
24 5
95 5
286 5
334 5
501 5
88 5
49 5
42 5
140 5
30 5
497 5
114 5
337 5
1056 5
134 5
365 5
130 5
16 5
50 5
326 5
493 5
337 5
443 5
159 5
160 5
90 5
417 5
104 5
139 5
35 5
472 5
825 5
301 5
824 5
558 5
31 5
51 5
235 5
291 5
116 5
428 5
204 5
52 5
49 5
277 5
52 5
229 5
53 5
50 5
145 5
391 5
573 5
666 5
424 5
278 5
20 5
278 5
58 5
283 5
117 5
459 5
626 5
364 5
471 5
205 5
189 5
228 5
259 5
328 5
483 5
57 5
171 5
32 5
471 5
228 5
209 5
58 5
161 5
67 5
71 5
512 5
22 5
601 5
964 5
612 5
1541 5
383 5
104 5
53 5
132 5
149 5
1154 5
731 5
4 5
159 5
237 5
858 5
234 5
206 5
180 5
94 5
279 5
83 5
290 5
315 5
55 5
423 5
459 5
263 5
534 5
245 5
813 5
488 5
51 5
251 5
30 5
1223 5
570 5
627 5
486 5
48 5
700 5
333 5
740 5
1112 5
40 5
209 5
943 5
414 5
432 5
181 5
56 5
114 5
126 5
228 5
1 5
701 5
1443 5
666 5
388 5
230 5
229 5
113 5
350 5
400 5
1068 5
390 5
30 5
197 5
400 5
141 5
943 5
311 5
192 5
238 5
57 5
362 5
383 5
142 5
414 5
65 5
634 5
367 5
162 5
1115 5
1267 5
48 5
544 5
329 5
38 5
212 5
1060 5
833 5
158 5
38 5
374 5
324 5
39 5
111 5
1059 5
174 5
811 5
643 5
266 5
29 5
413 5
559 5
928 5
605 5
174 5
160 5
22 5
71 5
348 5
157 5
288 5
164 5
116 5
202 5
107 5
7 5
287 5
109 5
1046 5
597 5
289 5
103 5
536 5
58 5
62 5
225 5
257 5
172 5
136 5
397 5
67 5
202 5
550 5
220 5
297 5
436 5
41 5
144 5
1473 5
17 5
58 5
120 5
86 5
1747 5
51 5
55 5
514 5
115 5
605 5
456 5
188 5
266 5
41 5
93 5
7 5
579 5
312 5
100 5
98 5
814 5
157 5
327 5
47 5
56 5
220 5
86 5
35 5
165 5
330 5
496 5
396 5
46 5
271 5
211 5
427 5
98 5
89 5
107 5
218 5
314 5
28 5
215 5
344 5
294 5
16 5
82 5
67 5
671 5
1105 5
480 5
172 5
7 5
47 5
337 5
987 5
1245 5
597 5
377 5
